f = 60 ;
wb = 2*pi*f ;
r1 = 0.25 ;
rp2 = 0.134 ;
xl1 = 0.056 ;
xpl2 = 0.056 ;
xml = 708.8 ;
